0 0.7234375 0.22265625 0.02109375 0.02109375
0 0.896875 0.2796875 0.03671875 0.028125
0 0.6609375 0.28828125 0.0453125 0.028125
0 0.93359375 0.3109375 0.0296875 0.04375
0 0.615625 0.31875 0.0296875 0.05390625
0 0.5265625 0.371875 0.0703125 0.03515625
0 0.98359375 0.3734375 0.0328125 0.04140625
0 0.5546875 0.4375 0.0546875 0.059375
0 0.490625 0.44375 0.04296875 0.08125
0 0.5421875 0.465625 0.04296875 0.065625
0 0.509375 0.5125 0.05625 0.05234375
0 0.3984375 0.5625 0.0453125 0.07109375
0 0.4859375 0.5671875 0.0703125 0.1109375
0 0.4484375 0.6 0.07421875 0.103125
0 0.37578125 0.61171875 0.053125 0.071875
0 0.40625 0.63828125 0.06171875 0.084375
0 0.3015625 0.6875 0.07109375 0.09453125
0 0.378125 0.7015625 0.078125 0.08125
1 0.2453125 0.728125 0.0765625 0.08125
0 0.20234375 0.77890625 0.06640625 0.06796875
0 0.3140625 0.81796875 0.09375 0.1328125
0 0.18671875 0.89296875 0.11171875 0.13203125