3 0.49609375 0.45234375 0.1296875 0.071875
3 0.75234375 0.6296875 0.1734375 0.15625
3 0.11875 0.65078125 0.221875 0.1703125
3 0.6 0.65546875 0.1296875 0.1171875
3 0.37265625 0.6828125 0.1359375 0.1296875
3 0.04765625 0.7421875 0.09375 0.1609375
3 0.44140625 0.8046875 0.1671875 0.1375
3 0.32578125 0.83125 0.0953125 0.0875
3 0.70234375 0.82890625 0.128125 0.11875
3 0.8671875 0.86796875 0.215625 0.1359375
3 0.2671875 0.1734375 0.115625 0.0921875
3 0.703125 0.178125 0.2015625 0.209375
2 0.48671875 0.37890625 0.2828125 0.2734375
2 0.68125 0.4828125 0.25625 0.190625
2 0.92265625 0.65625 0.1546875 0.225